00000000000000000000100000000000000000000
00000000000000000001100000000000000000000
00000000000000000011100000000000000000000
00000000000000000110100000000000000000000
00000000000000001111100000000000000000000
00000000000000011000100000000000000000000
00000000000000111001100000000000000000000
00000000000001101011100000000000000000000
00000000000011111110100000000000000000000
00000000000110000011100000000000000000000
00000000001110000110100000000000000000000
00000000011010001111100000000000000000000
00000000111110011000100000000000000000000
00000001100010111001100000000000000000000
00000011100111101011100000000000000000000
00000110101100111110100000000000000000000
00001111111101100011100000000000000000000
00011000000111100110100000000000000000000
00111000001100101111100000000000000000000
01101000011101111000100000000000000000000
11111000110111001001100000000000000000000